 1960 -2.01
 1960.08333333333 -2.59
 1960.16666666667 -0.93
 1960.25 1.33
 1960.33333333333 0.47
 1960.41666666667 0.10
 1960.5 0.38
 1960.58333333333 -1.93
 1960.66666666667 0.53
 1960.75 -1.37
 1960.83333333333 -0.67
 1960.91666666667 -0.03
 1961 -0.03
 1961.08333333333 0.07
 1961.16666666667 0.17
 1961.25 -1.83
 1961.33333333333 -0.28
 1961.41666666667 1.17
 1961.5 -0.36
 1961.58333333333 1.03
 1961.66666666667 1.36
 1961.75 1.07
 1961.83333333333 -0.79
 1961.91666666667 -1.46
 1962 0.20
 1962.08333333333 0.18
 1962.16666666667 -2.99
 1962.25 0.93
 1962.33333333333 -0.04
 1962.41666666667 0.47
 1962.5 -2.43
 1962.58333333333 0.05
 1962.66666666667 -0.21
 1962.75 0.96
 1962.83333333333 -0.38
 1962.91666666667 -1.31
 1963 -2.98
 1963.08333333333 -1.53
 1963.16666666667 -0.85
 1963.25 -1.61
 1963.33333333333 2.05
 1963.41666666667 -0.13
 1963.5 -0.74
 1963.58333333333 -0.95
 1963.66666666667 1.89
 1963.75 1.53
 1963.83333333333 -1.47
 1963.91666666667 -1.87
 1964 -1.62
 1964.08333333333 -2.06
 1964.16666666667 -1.66
 1964.25 0.25
 1964.33333333333 0.53
 1964.41666666667 1.61
 1964.5 1.92
 1964.58333333333 -2.40
 1964.66666666667 0.34
 1964.75 1.32
 1964.83333333333 -0.14
 1964.91666666667 -0.23
 1965 -0.65
 1965.08333333333 -2.20
 1965.16666666667 -1.99
 1965.25 0.64
 1965.33333333333 -0.52
 1965.41666666667 0.60
 1965.5 0.35
 1965.58333333333 0.45
 1965.66666666667 0.51
 1965.75 0.92
 1965.83333333333 -1.88
 1965.91666666667 1.18
 1966 -2.54
 1966.08333333333 -2.02
 1966.16666666667 0.18
 1966.25 -0.96
 1966.33333333333 0.25
 1966.41666666667 1.37
 1966.5 0.35
 1966.58333333333 -2.39
 1966.66666666667 -0.29
 1966.75 -0.23
 1966.83333333333 -0.18
 1966.91666666667 0.58
 1967 -1.55
 1967.08333333333 -0.23
 1967.16666666667 1.18
 1967.25 0.05
 1967.33333333333 -0.87
 1967.41666666667 1.72
 1967.5 0.44
 1967.58333333333 1.73
 1967.66666666667 1.05
 1967.75 0.59
 1967.83333333333 0.50
 1967.91666666667 -0.51
 1968 -0.36
 1968.08333333333 -1.91
 1968.16666666667 0.02
 1968.25 -1.32
 1968.33333333333 -1.58
 1968.41666666667 0.64
 1968.5 -0.77
 1968.58333333333 -0.97
 1968.66666666667 -1.73
 1968.75 -1.99
 1968.83333333333 -1.11
 1968.91666666667 -1.39
 1969 -1.48
 1969.08333333333 -2.20
 1969.16666666667 -2.04
 1969.25 1.52
 1969.33333333333 0.56
 1969.41666666667 0.86
 1969.5 0.60
 1969.58333333333 -1.99
 1969.66666666667 2.17
 1969.75 1.23
 1969.83333333333 -1.14
 1969.91666666667 -0.35
 1970 -2.26
 1970.08333333333 0.28
 1970.16666666667 -1.41
 1970.25 -1.56
 1970.33333333333 1.11
 1970.41666666667 1.87
 1970.5 0.13
 1970.58333333333 0.00
 1970.66666666667 0.06
 1970.75 -0.49
 1970.83333333333 -0.76
 1970.91666666667 -1.20
 1971 -1.82
 1971.08333333333 -0.17
 1971.16666666667 -1.28
 1971.25 -0.41
 1971.33333333333 0.51
 1971.41666666667 -1.28
 1971.5 0.27
 1971.58333333333 1.87
 1971.66666666667 0.53
 1971.75 1.14
 1971.83333333333 -0.34
 1971.91666666667 0.47
 1972 -0.19
 1972.08333333333 -0.08
 1972.16666666667 0.35
 1972.25 -0.38
 1972.33333333333 0.93
 1972.41666666667 1.19
 1972.5 0.21
 1972.58333333333 1.57
 1972.66666666667 0.03
 1972.75 1.70
 1972.83333333333 0.43
 1972.91666666667 0.09
 1973 -0.46
 1973.08333333333 0.52
 1973.16666666667 -0.09
 1973.25 -0.73
 1973.33333333333 -0.36
 1973.41666666667 0.70
 1973.5 0.60
 1973.58333333333 -0.20
 1973.66666666667 -0.15
 1973.75 -0.84
 1973.83333333333 -1.11
 1973.91666666667 0.21
 1974 1.05
 1974.08333333333 -0.60
 1974.16666666667 -0.43
 1974.25 0.41
 1974.33333333333 -0.17
 1974.41666666667 0.17
 1974.5 -0.73
 1974.58333333333 -0.95
 1974.66666666667 0.95
 1974.75 1.04
 1974.83333333333 -0.70
 1974.91666666667 1.30
 1975 0.17
 1975.08333333333 -1.15
 1975.16666666667 -1.04
 1975.25 -1.89
 1975.33333333333 -0.43
 1975.41666666667 -0.54
 1975.5 1.57
 1975.58333333333 -0.46
 1975.66666666667 1.67
 1975.75 -0.08
 1975.83333333333 0.30
 1975.91666666667 -0.09
 1976 -0.80
 1976.08333333333 0.61
 1976.16666666667 0.38
 1976.25 0.14
 1976.33333333333 0.94
 1976.41666666667 1.11
 1976.5 -0.29
 1976.58333333333 2.34
 1976.66666666667 -1.11
 1976.75 0.42
 1976.83333333333 0.04
 1976.91666666667 -1.57
 1977 -1.72
 1977.08333333333 -1.00
 1977.16666666667 -1.25
 1977.25 0.56
 1977.33333333333 -0.75
 1977.41666666667 -0.27
 1977.5 -0.42
 1977.58333333333 -0.49
 1977.66666666667 0.51
 1977.75 1.08
 1977.83333333333 -0.21
 1977.91666666667 -1.02
 1978 0.26
 1978.08333333333 -2.94
 1978.16666666667 0.33
 1978.25 -1.42
 1978.33333333333 1.05
 1978.41666666667 1.70
 1978.5 -1.11
 1978.58333333333 0.70
 1978.66666666667 0.60
 1978.75 2.61
 1978.83333333333 3.06
 1978.91666666667 -1.54
 1979 -2.12
 1979.08333333333 -1.20
 1979.16666666667 0.41
 1979.25 -2.01
 1979.33333333333 -0.90
 1979.41666666667 1.92
 1979.5 0.86
 1979.58333333333 1.11
 1979.66666666667 1.13
 1979.75 0.18
 1979.83333333333 0.42
 1979.91666666667 0.84
 1980 -1.38
 1980.08333333333 -0.39
 1980.16666666667 -0.73
 1980.25 1.26
 1980.33333333333 -1.34
 1980.41666666667 -0.07
 1980.5 -0.39
 1980.58333333333 -3.01
 1980.66666666667 0.79
 1980.75 -1.41
 1980.83333333333 -0.52
 1980.91666666667 0.63
 1981 -0.08
 1981.08333333333 0.60
 1981.16666666667 -1.65
 1981.25 0.25
 1981.33333333333 0.24
 1981.41666666667 -0.15
 1981.5 0.08
 1981.58333333333 0.38
 1981.66666666667 -1.27
 1981.75 -0.96
 1981.83333333333 -0.53
 1981.91666666667 -0.11
 1982 -1.55
 1982.08333333333 0.86
 1982.16666666667 0.80
 1982.25 -0.04
 1982.33333333333 -0.44
 1982.41666666667 -1.34
 1982.5 1.18
 1982.58333333333 0.21
 1982.66666666667 1.86
 1982.75 -0.29
 1982.83333333333 1.55
 1982.91666666667 1.56
 1983 1.34
 1983.08333333333 -1.04
 1983.16666666667 0.59
 1983.25 -1.07
 1983.33333333333 -0.01
 1983.41666666667 1.31
 1983.5 1.22
 1983.58333333333 1.95
 1983.66666666667 -0.95
 1983.75 1.22
 1983.83333333333 -1.16
 1983.91666666667 0.18
 1984 1.42
 1984.08333333333 0.37
 1984.16666666667 -0.79
 1984.25 -0.45
 1984.33333333333 0.55
 1984.41666666667 -0.12
 1984.5 -0.04
 1984.58333333333 1.35
 1984.66666666667 0.31
 1984.75 0.43
 1984.83333333333 -0.20
 1984.91666666667 -0.09
 1985 -2.38
 1985.08333333333 -1.00
 1985.16666666667 -0.19
 1985.25 0.20
 1985.33333333333 -0.40
 1985.41666666667 -0.50
 1985.5 1.25
 1985.58333333333 -0.74
 1985.66666666667 -0.36
 1985.75 1.49
 1985.83333333333 -0.84
 1985.91666666667 0.11
 1986 0.78
 1986.08333333333 -1.58
 1986.16666666667 1.39
 1986.25 -0.79
 1986.33333333333 0.84
 1986.41666666667 1.54
 1986.5 0.15
 1986.58333333333 -1.53
 1986.66666666667 -0.95
 1986.75 2.20
 1986.83333333333 2.27
 1986.91666666667 0.83
 1987 -1.85
 1987.08333333333 -1.27
 1987.16666666667 -0.26
 1987.25 2.03
 1987.33333333333 0.96
 1987.41666666667 -1.53
 1987.5 0.55
 1987.58333333333 -1.19
 1987.66666666667 -1.04
 1987.75 0.66
 1987.83333333333 0.06
 1987.91666666667 0.21
 1988 0.68
 1988.08333333333 0.42
 1988.16666666667 -0.58
 1988.25 -1.42
 1988.33333333333 0.64
 1988.41666666667 1.19
 1988.5 -0.32
 1988.58333333333 -0.07
 1988.66666666667 -0.82
 1988.75 -0.66
 1988.83333333333 -0.49
 1988.91666666667 0.48
 1989 0.85
 1989.08333333333 1.82
 1989.16666666667 1.54
 1989.25 0.16
 1989.33333333333 1.33
 1989.41666666667 0.03
 1989.5 1.00
 1989.58333333333 -0.11
 1989.66666666667 2.15
 1989.75 0.48
 1989.83333333333 0.03
 1989.91666666667 -1.15
 1990 0.70
 1990.08333333333 1.16
 1990.16666666667 1.13
 1990.25 2.03
 1990.33333333333 -1.37
 1990.41666666667 0.29
 1990.5 0.56
 1990.58333333333 1.12
 1990.66666666667 1.18
 1990.75 0.76
 1990.83333333333 -0.39
 1990.91666666667 0.11
 1991 0.49
 1991.08333333333 0.74
 1991.16666666667 -0.61
 1991.25 0.17
 1991.33333333333 0.12
 1991.41666666667 -0.52
 1991.5 -0.46
 1991.58333333333 1.46
 1991.66666666667 0.61
 1991.75 0.30
 1991.83333333333 0.37
 1991.91666666667 0.34
 1992 -0.66
 1992.08333333333 0.77
 1992.16666666667 0.51
 1992.25 1.88
 1992.33333333333 2.49
 1992.41666666667 0.51
 1992.5 0.19
 1992.58333333333 0.97
 1992.66666666667 -0.28
 1992.75 -1.40
 1992.83333333333 1.12
 1992.91666666667 0.35
 1993 1.35
 1993.08333333333 0.12
 1993.16666666667 0.30
 1993.25 0.91
 1993.33333333333 -0.67
 1993.41666666667 -0.29
 1993.5 -3.14
 1993.58333333333 0.03
 1993.66666666667 -0.41
 1993.75 -0.26
 1993.83333333333 2.56
 1993.91666666667 1.36
 1994 0.70
 1994.08333333333 0.08
 1994.16666666667 0.92
 1994.25 1.10
 1994.33333333333 -0.48
 1994.41666666667 1.84
 1994.5 1.34
 1994.58333333333 0.36
 1994.66666666667 -1.14
 1994.75 -0.54
 1994.83333333333 0.54
 1994.91666666667 1.78
 1995 0.57
 1995.08333333333 0.85
 1995.16666666667 0.91
 1995.25 -1.07
 1995.33333333333 -1.33
 1995.41666666667 0.44
 1995.5 -0.19
 1995.58333333333 0.76
 1995.66666666667 0.45
 1995.75 0.72
 1995.83333333333 -1.59
 1995.91666666667 -1.64
 1996 -0.65
 1996.08333333333 -0.52
 1996.16666666667 -0.66
 1996.25 -0.33
 1996.33333333333 -0.93
 1996.41666666667 0.87
 1996.5 0.70
 1996.58333333333 1.19
 1996.66666666667 -0.69
 1996.75 0.15
 1996.83333333333 -0.72
 1996.91666666667 -1.40
 1997 -1.08
 1997.08333333333 1.48
 1997.16666666667 1.13
 1997.25 -1.25
 1997.33333333333 -0.21
 1997.41666666667 -1.17
 1997.5 0.37
 1997.58333333333 0.94
 1997.66666666667 0.74
 1997.75 -1.34
 1997.83333333333 -1.08
 1997.91666666667 -0.98
 1998 -0.05
 1998.08333333333 -0.57
 1998.16666666667 0.51
 1998.25 -0.88
 1998.33333333333 -1.17
 1998.41666666667 -2.44
 1998.5 -0.45
 1998.58333333333 -0.15
 1998.66666666667 -1.80
 1998.75 0.20
 1998.83333333333 -0.43
 1998.91666666667 0.72
 1999 0.39
 1999.08333333333 -0.11
 1999.16666666667 -0.16
 1999.25 -1.18
 1999.33333333333 0.90
 1999.41666666667 1.44
 1999.5 -0.87
 1999.58333333333 0.38
 1999.66666666667 0.50
 1999.75 0.73
 1999.83333333333 0.55
 1999.91666666667 1.40
 2000 0.19
 2000.08333333333 1.48
 2000.16666666667 0.40
 2000.25 -0.18
 2000.33333333333 1.52
 2000.41666666667 0.28
 2000.5 -1.00
 2000.58333333333 -0.50
 2000.66666666667 -0.06
 2000.75 1.51
 2000.83333333333 -1.10
 2000.91666666667 -0.63
 2001 -0.22
 2001.08333333333 0.07
 2001.16666666667 -1.73
 2001.25 -0.15
 2001.33333333333 0.03
 2001.41666666667 0.11
 2001.5 -0.22
 2001.58333333333 -0.22
 2001.66666666667 -0.49
 2001.75 0.25
 2001.83333333333 0.53
 2001.91666666667 -0.86
 2002 0.00
 2002.08333333333 0.80
 2002.16666666667 0.32
 2002.25 1.14
 2002.33333333333 -0.15
 2002.41666666667 0.69
 2002.5 0.65
 2002.58333333333 0.36
 2002.66666666667 -0.54
 2002.75 -1.97
 2002.83333333333 -0.32
 2002.91666666667 -0.96
 2003 -0.32
 2003.08333333333 0.26
 2003.16666666667 -0.07
 2003.25 -0.34
 2003.33333333333 0.06
 2003.41666666667 0.24
 2003.5 0.16
 2003.58333333333 -0.22
 2003.66666666667 0.16
 2003.75 -0.86
 2003.83333333333 0.77
 2003.91666666667 0.50
 2004 -0.85
 2004.08333333333 -0.60
 2004.16666666667 0.67
 2004.25 1.11
 2004.33333333333 0.23
 2004.41666666667 -0.59
 2004.5 1.16
 2004.58333333333 -0.74
 2004.66666666667 0.52
 2004.75 -0.69
 2004.83333333333 0.63
 2004.91666666667 1.03
 2005 1.26
 2005.08333333333 -0.51
 2005.16666666667 -2.32
 2005.25 -0.47
 2005.33333333333 -1.11
 2005.41666666667 0.26
 2005.5 -0.48
 2005.58333333333 0.35
 2005.66666666667 0.76
 2005.75 -0.55
 2005.83333333333 -0.46
 2005.91666666667 -0.50
 2006 0.97
 2006.08333333333 -1.02
 2006.16666666667 -1.75
 2006.25 1.20
 2006.33333333333 -1.01
 2006.41666666667 1.15
 2006.5 0.93
 2006.58333333333 -2.35
 2006.66666666667 -1.43
 2006.75 -1.92
 2006.83333333333 0.33
 2006.91666666667 1.15
 2007 -0.25
 2007.08333333333 -0.98
 2007.16666666667 1.11
 2007.25 0.04
 2007.33333333333 0.66
 2007.41666666667 -1.01
 2007.5 -0.55
 2007.58333333333 -0.31
 2007.66666666667 0.85
 2007.75 1.00
 2007.83333333333 0.48
 2007.91666666667 0.23
 2008 0.53
 2008.08333333333 0.38
 2008.16666666667 -0.32
 2008.25 -1.31
 2008.33333333333 -1.55
 2008.41666666667 -1.09
 2008.5 -1.24
 2008.58333333333 -1.62
 2008.66666666667 1.14
 2008.75 0.47
 2008.83333333333 -0.47
 2008.91666666667 -0.35
 2009 -0.52
 2009.08333333333 -0.38
 2009.16666666667 0.19
 2009.25 -0.36
 2009.33333333333 1.61
 2009.41666666667 -0.91
 2009.5 -2.11
 2009.58333333333 -0.37
 2009.66666666667 1.62
 2009.75 -0.61
 2009.83333333333 -0.16
 2009.91666666667 -1.88
 2010 -1.80
 2010.08333333333 -2.69
 2010.16666666667 -1.33
 2010.25 -0.93
 2010.33333333333 -1.33
 2010.41666666667 -0.52
 2010.5 -0.39
 2010.58333333333 -1.69
 2010.66666666667 -0.62
 2010.75 -0.50
 2010.83333333333 -1.84
 2010.91666666667 -1.80
 2011 -1.53
 2011.08333333333 0.35
 2011.16666666667 0.24
 2011.25 2.55
 2011.33333333333 -0.01
 2011.41666666667 -0.98
 2011.5 -1.48
 2011.58333333333 -1.85
 2011.66666666667 0.67
 2011.75 0.94
 2011.83333333333 1.30
 2011.91666666667 2.25
 2012 0.86
 2012.08333333333 0.03
 2012.16666666667 0.93
 2012.25 0.37
 2012.33333333333 -0.79
 2012.41666666667 -2.25
 2012.5 -1.29
 2012.58333333333 -1.39
 2012.66666666667 -0.43
 2012.75 -1.73
 2012.83333333333 -0.74
 2012.91666666667 0.07
 2013 -0.11
 2013.08333333333 -0.96
 2013.16666666667 -2.09
 2013.25 0.60
 2013.33333333333 0.58
 2013.41666666667 0.83
 2013.5 0.70
 2013.58333333333 1.12
 2013.66666666667 0.38
 2013.75 -0.88
 2013.83333333333 0.81
 2013.91666666667 0.79
 2014 -0.17
 2014.08333333333 1.07
 2014.16666666667 0.44
 2014.25 0.19
 2014.33333333333 -0.80
 2014.41666666667 -0.67
 2014.5 0.21
 2014.58333333333 -2.28
 2014.66666666667 1.72
 2014.75 -0.87
 2014.83333333333 0.58
 2014.91666666667 1.63
 2015 1.57
 2015.08333333333 1.05
 2015.16666666667 1.12
 2015.25 0.64
 2015.33333333333 0.19
 2015.41666666667 0.24
 2015.5 -3.14
 2015.58333333333 -1.10
 2015.66666666667 -0.49
 2015.75 0.99
 2015.83333333333 1.70
 2015.91666666667 1.99
 2016 -0.37
 2016.08333333333 1.35
 2016.16666666667 0.37
 2016.25 0.26
 2016.33333333333 -0.67
 2016.41666666667 -0.13
 2016.5 -1.72
 2016.58333333333 -2.24
 2016.66666666667 0.74
 2016.75 0.96
 2016.83333333333 -0.31
 2016.91666666667 0.35
 2017 0.05
 2017.08333333333 0.69
 2017.16666666667 0.37
 2017.25 1.74
 2017.33333333333 -1.72
 2017.41666666667 0.35
 2017.5 1.28
 2017.58333333333 -1.53
 2017.66666666667 -0.45
 2017.75 0.71
 2017.83333333333 -0.14
 2017.91666666667 0.73
 2018 1.17
 2018.08333333333 1.34
 2018.16666666667 -1.38
 2018.25 1.20
 2018.33333333333 2.02
 2018.41666666667 1.41
 2018.5 1.42
 2018.58333333333 2.40
 2018.66666666667 1.78
 2018.75 1.53
 2018.83333333333 -0.25
 2018.91666666667 0.48
 2019 0.18
 2019.08333333333 -0.11
 2019.16666666667 0.89
 2019.25 0.36
 2019.33333333333 -2.38
 2019.41666666667 -0.79
 2019.5 -1.39
 2019.58333333333 -1.62
 2019.66666666667 -0.01
 2019.75 -1.03
 2019.83333333333 0.16
 2019.91666666667 1.02
 2020 1.05
 2020.08333333333 0.98
 2020.16666666667 0.66
 2020.25 -1.26
 2020.33333333333 -0.33
 2020.41666666667 0.16
 2020.5 -1.19
 2020.58333333333 0.03
 2020.66666666667 1.11
 2020.75 -0.20
 2020.83333333333 2.54
 2020.91666666667 -0.37
 2021 -1.80
 2021.08333333333 -0.29
 2021.16666666667 0.36
 2021.25 -1.69
 2021.33333333333 -1.10
 2021.41666666667 1.08
 2021.5 0.06
 2021.58333333333 -0.49
 2021.66666666667 -0.06
 2021.75 -1.98
 2021.83333333333 -0.33
 2021.91666666667 0.18
 2022 0.74
 2022.08333333333 1.46
 2022.16666666667 0.40
 2022.25 -0.54
 2022.33333333333 0.71
 2022.41666666667 0.19
 2022.5 -0.06
 2022.58333333333 1.76
 2022.66666666667 -1.42
 2022.75 -0.27
 2022.83333333333 0.59
 2022.91666666667 -0.22
 2023 0.95
 2023.08333333333 0.60
 2023.16666666667 -1.57
 2023.25 -0.83
